
It took 0.00083 seconds (830 microseconds) to compute shortest path between cities with Dijkstra's algorithm as follows.

--------------------------------------------------------------------------------------------------------
			 | Busan | Daegu | Daejeon | Gangeung | Gwangju | Jeonju | Jinju | Pohang | Seoul | Wonju | 
---------------------------------------------------------------------------------------------------------
	Busan	|	0	|	108	|	260	|	347	|	267	|	346	|	106	|	110	|	407	|	297	|
---------------------------------------------------------------------------------------------------------
	Daegu	|	108	|	0	|	152	|	315	|	211	|	238	|	135	|	87	|	299	|	189	|
---------------------------------------------------------------------------------------------------------
	Daejeon	|	260	|	152	|	0	|	397	|	185	|	86	|	287	|	239	|	161	|	271	|
---------------------------------------------------------------------------------------------------------
	Gangeung	|	347	|	315	|	397	|	0	|	526	|	483	|	450	|	237	|	236	|	126	|
---------------------------------------------------------------------------------------------------------
	Gwangju	|	267	|	211	|	185	|	526	|	0	|	99	|	161	|	298	|	346	|	400	|
---------------------------------------------------------------------------------------------------------
	Jeonju	|	346	|	238	|	86	|	483	|	99	|	0	|	260	|	325	|	247	|	357	|
---------------------------------------------------------------------------------------------------------
	Jinju	|	106	|	135	|	287	|	450	|	161	|	260	|	0	|	216	|	434	|	324	|
---------------------------------------------------------------------------------------------------------
	Pohang	|	110	|	87	|	239	|	237	|	298	|	325	|	216	|	0	|	386	|	276	|
---------------------------------------------------------------------------------------------------------
	Seoul	|	407	|	299	|	161	|	236	|	346	|	247	|	434	|	386	|	0	|	110	|
---------------------------------------------------------------------------------------------------------
	Wonju	|	297	|	189	|	271	|	126	|	400	|	357	|	324	|	276	|	110	|	0	|
---------------------------------------------------------------------------------------------------------


It took 4.4e-05 seconds (44 microseconds) to compute shortest path between cities with Floyd algorithm as follows.

--------------------------------------------------------------------------------------------------------
			 | Busan | Daegu | Daejeon | Gangeung | Gwangju | Jeonju | Jinju | Pohang | Seoul | Wonju | 
---------------------------------------------------------------------------------------------------------
	Busan	|	0	|	108	|	260	|	347	|	267	|	346	|	106	|	110	|	407	|	297	|
---------------------------------------------------------------------------------------------------------
	Daegu	|	108	|	0	|	152	|	315	|	211	|	238	|	135	|	87	|	299	|	189	|
---------------------------------------------------------------------------------------------------------
	Daejeon	|	260	|	152	|	0	|	397	|	185	|	86	|	287	|	239	|	161	|	271	|
---------------------------------------------------------------------------------------------------------
	Gangeung	|	347	|	315	|	397	|	0	|	526	|	483	|	450	|	237	|	236	|	126	|
---------------------------------------------------------------------------------------------------------
	Gwangju	|	267	|	211	|	185	|	526	|	0	|	99	|	161	|	298	|	346	|	400	|
---------------------------------------------------------------------------------------------------------
	Jeonju	|	346	|	238	|	86	|	483	|	99	|	0	|	260	|	325	|	247	|	357	|
---------------------------------------------------------------------------------------------------------
	Jinju	|	106	|	135	|	287	|	450	|	161	|	260	|	0	|	216	|	434	|	324	|
---------------------------------------------------------------------------------------------------------
	Pohang	|	110	|	87	|	239	|	237	|	298	|	325	|	216	|	0	|	386	|	276	|
---------------------------------------------------------------------------------------------------------
	Seoul	|	407	|	299	|	161	|	236	|	346	|	247	|	434	|	386	|	0	|	110	|
---------------------------------------------------------------------------------------------------------
	Wonju	|	297	|	189	|	271	|	126	|	400	|	357	|	324	|	276	|	110	|	0	|
---------------------------------------------------------------------------------------------------------
